과제제출			
과제제출번호  과제번호  교육생번호  제출날짜
[1,	1,	27,	'2022-03-17']
[2,	5,	28,	'2022-04-08']
[3,	3,	29,	'2022-03-29']
[4,	4,	30,	'2022-04-02']
[5,	1,	31,	'2022-03-15']
[6,	7,	32,	'2022-04-17']
[7,	9,	33,	'2022-05-11']
[8,	3,	34,	'2022-03-29']
[9,	6,	35,	'2022-04-11']
[10,	6,	36,	'2022-04-12']
[11,	1,	37,	'2022-03-19']
[12,	4,	38,	'2022-04-01']
[13,	5,	39,	'2022-04-07']
[14,	2,	40,	'2022-03-26']
[15,	4,	41,	'2022-04-02']
[16,	8,	42,	'2022-04-29']
[17,	7,	43,	'2022-04-17']
[18,	5,	44,	'2022-04-03']
[19,	4,	45,	'2022-04-21']
[20,	3,	46,	'2022-03-29']
[21,	2,	47,	'2022-03-25']
[22,	1,	48,	'2022-03-19']
[23,	8,	49,	'2022-04-29']
[24,	9,	50,	'2022-05-11']
[25,	5,	51,	'2022-04-07']
[26,	6,	52,	'2022-04-11']
[27,	2,	53,	'2022-03-24']
[28,	3,	54,	'2022-03-27']
[29,	1,	55,	'2022-03-19']
[30,	3,	27,	'2022-03-28']
[31,	2,	28,	'2022-03-25']
[32,	5,	29,	'2022-04-18']
[33,	7,	30,	'2022-04-18']
[34,	2,	31,	'2022-03-25']
[35,	8,	32,	'2022-04-29']
[36,	5,	33,	'2022-04-05']
[37,	5,	34,	'2022-04-08']
[38,	7,	35,	'2022-04-18']
[39,	7,	36,	'2022-04-17']
[40,	2,	37,	'2022-03-26']
[41,	5,	38,	'2022-04-03']
[42,	6,	39,	'2022-04-12']
[43,	1,	40,	'2022-03-20']
[44,	2,	41,	'2022-03-26']
[45,	6,	42,	'2022-04-10']
[46,	9,	43,	'2022-05-10']
[47,	6,	44,	'2022-04-12']
[48,	1,	45,	'2022-03-20']
[49,	2,	46,	'2022-03-25']
[50,	5,	47,	'2022-04-08']
[51,	2,	48,	'2022-03-26']
[52,	9,	49,	'2022-05-12']
[53,	2,	50,	'2022-03-26']
[54,	3,	51,	'2022-03-30']
[55,	3,	52,	'2022-03-30']
[56,	4,	53,	'2022-04-02']
[57,	2,	54,	'2022-03-24']
[58,	8,	55,	2022-04-30']
